 BACKUPSERIE FRA HYDARK SKREVET FORMATERT
 ISER1....:  9001
 CVER.....: J
 CTYPE....: 1
 SNAVN....: DRIVA               
 RSKAL....:   374.970184
 IAR1.....: 1930
 IAR2.....: 1990
 RMID.....:      489.020386
 DDAT.....:   19970317
 VNR......:  136
 ENR......:   97    -1    -1    -1  
 FNR......:   14
 GNR......:    0
 FELT.....:     1.000000
 CPERS....: schjlberg       
 NVEKOD...: KOFOT   
 HNR......:    0
 NLIN.....:    9
 JSID.....:    0     0     0     0     0     0  
 CKOM.. 1.: Seriens opphav: KOFOT-OMFORDEL                      
 CKOM.. 2.: Serie det ble kalibrert mot : 9648-A                
 CKOM.. 3.:                                                     
 CKOM.. 4.: Serie som ble omfordelt     : sum driva             
 CKOM.. 5.: sum driva. Beregnet hele perioden.                  
 CKOM.. 6.: Middelverdier       1931-1960         1931-1980     
 CKOM.. 7.: Kalibrert :     169.99 MM3/UKE      167.85 MM3/UKE  
 CKOM.. 8.: Simulert  :     497.14 MM3/UKE      489.27 MM3/UKE  
 CKOM.. 9.: Variansdekning R**R= .9                             
 CKOM..10.:                                                     
 CKOM..11.:                                                     
 CKOM..12.:                                                     

      1843      1544      1344      1141      1128      1019      1044      1021
       994      1074      1042       979      1079      1338      2217      2457
      3603      4874      4442      6399      7215      6032      4276      3410
      2759      2448      3362      5040      2219      1787      1534      1438
      1386      1630      1776      3048      1677      1559      2488      4555
      2602      4956      1995      1501      1703      2051      2080      2136
      2370      1917      2022      1898

      1476      1372      1281      1171      1190      1057      1022      1021
       998      1027       994       952      1014       928       814       906
      1990      6401      6335     10126      8983      6031      5001      5669
      6485      5525      4397      3519      4053      3155      2198      4815
      3247      5353      2285      1736      3732      5121      6794      5029
      8183      4902      2343      2504      3102      2031      1685      1701
      2095      1552      1626      1750

      1467      1504      1866      2351      3683      2143      1638      1678
      1490      1381      1255      1157      1168      1066       904      1010
      1607      2597      2972     13943     12427     15948      8261     13796
     12257     12185     27142     15640      9811      7790      6250      4494
      3353      2729      1917      1801      4345      3640      5409      5761
      2972      2366       721       819       558       535       370       692
       558       647       869       476

       782       226       232       486       709      1106      1324       870
       181       120       526       709       946      1156      1256       901
      1037      1103      5550      8318     15076     15600     16672     15934
     13651      5126      6709      4597      4509      5084      4320      4137
      3523      2327      2701      1992      1722      1568      1553      5333
      3470      1647      1160      1265      1294       273       493       471
       682       704      3398      2835

      1692       328       686       875      1958      2641      3574      3245
       861      1142       553       303       349       376       327      1315
      1682     13597     26100      6804      5285     10090     13966     12612
     13073     12918     12050     12262     11475      8621      6639      5929
      7976      3693      2102      1954      1099      1321      1160       739
      5209      3086      2032       966       728       524      1951      4893
      2130      1280       964       465

       406       564      1450      2256      1553       563       661      1316
       625       202       464       722       861       222        55       442
      2513      2292      4971      2493      6423      8009     13166     23530
     27826     26935     13478     10759      8932      6417      5368      4401
      2720      2079      1399      2215      2670      4133      2273      1776
      1109      1501       526       702       352       279       105       306
       335        83        73       179

        66       443       545       299       404       492       282       145
       284       106       342       240       327       963        50       255
       690      2848      5912      8620      6345      4338      9247     14148
      8075      4871      4510      5341      8029      6539      3355      3322
      4170      4501      7420      3259      1741      2007      1734      1561
      2619      2119      1693       950      1048      1098      3648      1662
      1321      1021      1798      1851

       712       648       223        79        89       634       395       137
       511       392         0        39       249       265       607      2118
      3077      5857      7504      9554      9583      7796      5252      5449
      5180      4075      2991      5124      3332      1619       835       519
       328       834       574      1848      3377      2253      2287      1517
      1749      2656      1085      1094      1046       751      1400       991
       348        92       641       610

       926       205       527       575       829      1263       559       506
      1555      3066      1915       896      1674      2218      2036      2134
      1117      1706      2536      9603     11467     20930     24311     18665
     16564     12843     13912     14759     13021     10129      6484      3684
      3725      2915      4664      4425      5324      3826      3090      1960
       912      1395      1192       882      1471      2462       758       338
       253         0         0        95

       151       123       140       149       714       921      1780       624
       167       565       799       210       178       181       821      2124
       687       790      4185      5500      9305     12735     15996      9856
     16563      7129      8741      8532      6413      3542      2120      2030
      1064      1031       586       632      1142      1574      2603      1263
       606       372       820       533       270       595       439       480
       153         0      1042      2523

      1971       967       178       245         0       447       502       475
       630       551       123       190       862       367       320       351
       398      1879      5242      6757     15272     22438     14556     12772
     12429     10432      7988      6665      3557      2943      3460      5897
      3257     10614      4788      5415      2668      2531      2415       974
      1344       953       454       138       425       336       916      2629
      1468       325       304      2021

       835       596       241       331        35       581       476       242
        61         0       208       418       310       257       142       256
       457       578       872      2303     12834     18020      9752      9535
     15399     14344     12106      4582      4046      2105      2586      1533
      1944      3372      2446      9877      6673      8690      2355      1849
      2336      1772      2147      1120       695        93       416       397
       540       655       897      1997

      1660       529       214         0         0       383        64       166
       850       246       158       863      1155       152       458      1006
      1733      1844      1633      5682     12037     16204     14829     13740
     14082     10705     13334     10265      8969      6634      2951      2514
      2697      2475      1690      1775      2489      1899      1892      1012
      1867      2364       863       501       323      3258      4600      3836
      1613      1579       638       855

       670       410       255       655       311       140      1767      1607
      3759      1387       873       513       818      1133      1314      1532
      2766      2948      5069      7954     14268     17626     22042     24910
     20770     16850     12366     13329     10542      8038      5647      4045
      3188      2503      1723      1506      1595      2520      2044      1965
      2091      1153      1329      1020      1001       592       472       480
       701       612       642       896

      1406      1216       577       744       870       959       460       652
      1175       475       850       839       519       296       433       431
       687      1183      2609      5900      6746     11999     23244     24677
     19778     20007     25148     21640     11715      4972      5924      4515
      3552      3657      2673      1477      2573      2763      2897      3183
      2750      1340       751       259       284         0       346       543
       302        89         0      1344

       610       487       867       376        90        54       105       415
      1528      2507      1473      1031       920      1093      2094      3597
      2127      2857      6224     12770      5992     17486     14899     13057
     18353     19628     16264     10551     10658      6832      4166      4481
      2812      1742      1561      1735      1374      1182      1461      1800
      5925      5683      1460       916       687       156       404      1882
       851      2177       925       427

       879       509       164         0       203       445      2442      1327
       450        88        79       356      1845      2259      2642      2059
      2672      3513      4062      4334     16968     25765     17561      8684
     13810     17532     12997      5456      5721      3697      5051      3361
      3571      2546      1496      2671      2806      2289      1998      1722
      2406      1521       900       746       790       637        60       532
        73       240       155         0

       149         0       506        87       502       201         0         0
         0         0         0         0       433       278       273      1218
       491      1785      6811     11832     11115     10476      8991      5828
      6342      6418      6883      7141      2190      1905      2416      1211
       382       513       404       216      1025      1222      2111      5747
      6859      8188      4490      1004       721       450       706       240
         0      1048      2375      1798

       368       491       329       258       401       281       176        91
       319       991      1140      1162       682       841       744      2187
      3378      2738      9254     13768      6138      5196      9663      7714
      4492      7863     11212      7579      3511      2714      1601      1719
      2514      1769      1272      2776      1758      5809      5351      6162
      4245      2976      2401      1302      2266      1278      1943      4637
      5373      2453      1525       701

       940      1538      1386      1359      2168      1684      1443      1513
      1544       773       971       830       403       566      1109      2364
      4193      5833      8390     18678     15503     16063     18011     13085
      9224     10703     13561      8655      4762      4199      5694      5745
      3858      2484      2470      1440      2059      1631      2850      6174
      5142      2809      2088      1021       935       623         0       239
       114       694       545       428

       702       358       324       401       401       317       202       993
       538       938       588       348       708       598       524       691
      1028      3230      7524      7656      5984      7842     23531     14931
     13333     14067     10913      6595      5241      6393      5286      2319
      1882      1214      1138       900       751       538       305       237
       410      1979       269       277       316       355       268       301
       145       162         0         0

         0       202       236       121       187        83         0       106
        74       102       100       100        20        17       215       273
       473      1027      1014      3324      4820      3679      3789      5664
      6304      6075      4740      4426      4028      4680      3576      4750
      3822      2796      2168       983       988      1128       782       571
       368       160       734         0       320       217       565      2861
      1698      3357      1779      1427

      1068      1165       895       902       729      1529      1588      1263
       984       671       292       577       564       509      1201      2493
      3542      7616     15668      7769      9733     11427      9573     13176
     15461     14465     16984     12870      6669      5458      5149      3383
      2942      2895      2720      2009      2396      2815      2863      1872
       789       705       390       381       154       400       442       590
      1380       612       445       208

       385      1024      1828      1256      1239       704       758       782
      1304       610       372      2144      2375      1525       917       933
      1529      3309      7529     12125     14835     16383     21650     25029
     21632     16097      8544      8297      8059      4879      3929      2379
      2319      3729      7712     11063      5456      1536      1349      4342
      3384      1693       939       915       551       432      3190      2094
       971       613       649       820

      1501      2248      1202       503       296       247       221       213
       195        24       163       440        60       437       327        98
       427      1895      8538      7017     17973     13788      8668      7823
      7205      7453      4429      7536      4590      3496      2993      4981
      4326      1255      1010       838      1063       647      1398       486
      1707      1200        73      1384       225       419         0       324
         0         0      2434       131

       261      1359      1467      1099       424       221       505       306
       358       590       953       807      1023       401       268       733
       258      1098      1464      1696      3030      8261     11043     12281
     13873     23329     22724     23987     15219      9634      5146      4768
      2944      1970      1644      1110       824       724       924      1893
      3124      1725      1181      1073       610      1212      3640      2421
      2946      2175      1203      2103

      1728      1065       738       775       387       195       386       178
       959       838         0       159       568       605       566       237
       175      1872      6166      7296     10366     20582     20529     29314
     10869     12355     17838     19211      8510      8670      7245      5613
      3469      4200      2454      1146      3385      4032      3865      4685
      4200      4030      3224      2499      1501      3811      1939       698
      1448      1468       600       676

       676      2409      2141      1568       153         0         0         0
        97      1003      1508       590       634       349       460      1510
      1572      1174      2220      9767      8813     13317     10969     18247
     11621     10408     14915     16110     14879     12374      5561      4332
      4262      2116      2902      2037      2682      1229      1162      6177
      8468      4589      1530      1716       850        66      1734      2805
      2057      1299       753      1933

      2152       587      1109       220      1181       564       768       210
       397       630       360       333       120       474       563       269
       229       885      2325      2753      7738     14597     14011     10076
     14552     26499     16912      9014      7093      5145      4592      2673
      2976      2597      1888      1390      1943      1443      1350      1558
       907      1327      9511      4337      1232      1165      1993      2445
      2344       654      1165       266

       866       785       451       781       364       666      1335      1966
       627       458       405       225       536       618       714      1942
      3402      4158      9156     11139      8955      7849     14977     10176
      7683     10091      8244      6277      3970      3863      2703      1772
      1526      2061      3581      2314      3915      5334      3270      2549
      1276      1255       816       653       564       347       169        63
       580         0         0       497

       545         0         0       363       246      1052       326       164
         0       129       183        97        13         0       221      1196
      1519       536      6604     11473      6758      7691      9873      6086
      6017      9622      9653      4582      5292      3711      2652      2164
      2525      5022      4628      3591      2405      2324      4214      2374
      2107       823       841       198       533       311       197       665
       191       332       687       456

       101       534       639       349       193        98       408       490
       402      2336      3665      1957      1358       580       764       357
      3371      6859      5815      6701      6359     13474     18400      9775
      6288      5262      7148      7974      5381      6476      9331      4668
      3378      1925      2575       232       488      4285      4084      2426
      2133      1784       500       852       396      1363       891       920
      1118       337      1358       953

       849       561       592       653       362       725      1416      1350
       475       410       626       373       537       367       576       426
      1327      1299      3014      5769      8360      6080     11440     11580
     20095     12053     12729     14047      8457      7040      6430      5283
      4091      2734      3904      3920      5499      6255      2705      3084
      2007      5934      4782      1850       614       764       900      1359
      2483      1059       804       913

       488      1571       691       474       768       537       312       560
       678        50       366       552       271       253       177       644
      2793      3562      9573      9216      7822     16560      8484      4244
      7222      8949      3635      3602      3058      3456      2977      2091
      2259      1533      1359       578       939      1565      4265      3351
      4039      2134      4162      3533       934       935       932       386
      1051       471      1542       420

       670       267       821      1760      1216      1439       819       746
       362       620       417       613        63       226       576      1034
      2625      6106      7940      5187     11165     11898      9957     17146
     14922     13504      8046      7001      6370      5285      5040      3080
      2951      2574      6322      4562      2061      2888      3337      2930
      2629      1812      1581       999      2157      1578      1797      1056
       588       782       888       924

      1418       642       774       641       805      2098      1177       616
       842       538      1557      1399       233       629       334       915
      1428      3012      4532      4970      6041      9378     20591     25924
     19675     21286     10849      8094      9890     11210      6880      4867
      3462      2550      3017      2693      2526      2674      2312      2183
      3189      3978      2805      2020       653       489        40        99
       360       220       553      1033

       251       314       194       761       349        87       376       222
       107       352       649       836       464        63         0         0
         0      5760      5076      8215      8829      5097     10089     13497
     11246      5050      4431      7416      3703      3449      3259      3365
      2923      2229      1696      3144      4406      8001      8758      6356
      2867      1607      1476       866       635       592       622        13
       102         0       463       668

       615      1507      1193       543       621      1282       564       647
       402       308       620      1097       391       371       391      1876
      1825       811      2097      4489     13494     28778     19060     11809
     16282     13358     15072     12739     11498      7424      7571      4919
      3476      1764      1662      2668      1347      1058       761      1172
      1531      1409       579       582       390       518      2250      1957
      2971      2810      3502      1771

       605      1180       395      1464      1471       795      1140       951
       442      1359      1397       414       740       777       563       748
      3291      3504      2246      4246      7777     12356     26523     26988
     29144     25450     24888      6605      5893      7050      5106      4553
      2704      2652      2609      2793      2090      1038       363      1189
      1581      1812      3470      1012       909       726       678       502
      1102       971       509       423

       406       357       536       262       142       256       330       132
        44      1057       524       168       210      1335      1090       990
      1523      2471      5627      4254      4898      9294      8138      7705
      8857      6081      3591      2955      5040      3700      2272      1648
      1166      2825      2088      3481      1942      2059      4181      4215
      5068      3860      2474      2597      1131      1258      1172      1058
      1187      1151       649       865

       671       828       494       337       357       488       404       486
       552       647       519       305       286       134       302       291
       721      1767      7348      7231      9555     14800     19644     11961
      9124      7852      5225      4910      6154      6474      5107      2650
      2334      1365       973      3046      1624      1440      1977      1094
      1317      2480      2399      1055      1071       803       615       654
       729       966      2237      1404

      1026      2267      1215       814      1303      2096       655       780
       682      1359       600       231       985       722       451       357
       639      2254      5051     11881      9001     22405     13538     10009
      7015     14832     14537      9909      6836      7223      4643      2918
      2063      1349       937       839      1964      3066      5202      7630
      9552      3128      2574      3585      2477      2336      2211      1960
      1777      1926      3257      2524

      1090       754       352       360        31       512       528       431
       270       406       637      1525       775       779       195       728
      1107      4008      7213      7667     10793     15113     23193     13226
     14404     14839     16290      7537      3848      3077      1972      1280
      1667      1377       998      1188       791      2231      2362      2728
      3138      4076      2299      1443      1195      1328      1240       989
       804       748       467       763

      2920      3789      1133       893       902       828       789       813
       763       805       818       868      1391       851       660       827
       946      1042      4596      4401     11186     32000     16609      7666
     13238     10763      9917     10546      9797      6541      3605      2947
      2113      2259      1989      3713      8109      3306      2003      3993
      2450      1624      2144      1697      2762      1584      1432      1456
      1211      1149      1206      1147

       938       889       884       806       819       742       750       737
       726       750       709       658       708      1148      1219      2114
      2911      3929      4913     10633     13196      5726      7452     11013
     13892      6222      5756      5152      5203      4984      4440      3413
      3198      2259      2248      1928      2128      1812      2031      1886
      1391      1539      1132      1008      1052       927      1018      1075
      1028       942       993       966

       917       941       977       864       882       842       775       769
       755       738       682       622       635       595       520       658
      1236      1928     10522     11302      7553      5645     11028      9956
      9667      6793      7110      7426      4056      5450      4237      2664
      2108      2062      1719      2000      2647      3118      2619      4045
      4124      2234      3281      3918      1692      1077      1094      1246
      1305      1296      1866      2755

      1282      1055       987       935       895       758       733       732
       790       775       730       665       718       668       774      1197
      1232      1386      6054     13824     27302     14676     10681     20167
     15670     16802     10578     10463      9315      6251      4707      3310
      3058      2522      1952      2525      3041      2096      1686      1351
      1362      1078       946       899       832       748       865       920
       898       853       893       882

       767       776       771       721       752       683       667       664
       643       662       647       599       607       566       494       546
       734      2197      6966      5482     11313      8748      9385     13611
      7151      6658      7339      5573      5721      4777      4269      3006
      1843      1959      2129      1636      2042      3711      2296      1913
      1946      1707      2407      1660      1349      1145      1033      1002
       917       845       934       924

       793       784       776       727       753       677       663       665
       650       663       642       604       618       589       527       641
       969       871      2325      5110     16907     12737      9883      6609
      4225      5091      7187      3962      3348      2753      2415      1902
      2249      2390      3859      4355      3642      4520      3163      2014
      3824      2000      1862      3769      2956      1524      1287      1148
       967       847       861       843

       721       710       700       658       685       620       611       614
       601       615       590       553       575       543       540       921
      1620      1035      1203      8118     12891     19178     14751      8971
     10057      7312      4884      6287      8476      6606      4072      4995
      5009      3855      2659      2710      2852      3166      2743      1989
      4032      2048      1202       898       814       756       807       869
       880       767       775       754

       651       653       647       610       629       571       564       569
       552       569       554       521       545       569       823      1184
      1742      4321      3377      9652      8739     15181     13522      6222
      6010      6763      5613      3991      4601      3429      2556      2631
      1562      3099      2547      2620      3029      3651      3124      3071
      2491      1645      1355      1176      1056      1022      1124      1134
      1054       986      1058      1049

       915       883       861       811       924       809       766       757
       727       735       694       637       657       906      1988      1132
       867       801      8335     23077     27348     12202     11551      7959
      5382      8298      9305     10054      5061      5765      4646      3019
      3895      3531      2995      1709      1437      1342      1831      2511
      2371      1210       965       866      1116       880       908       922
       854       783       823       822

       717       710       698       650       678       611       594       595
       577       593       566       539       905      1194       899      1157
      2074      1369      3019      6866     11399     18510     13821      4251
      4731      9595     12558     10059      7194      3521      3134      2597
      1885      1783      1745      1656      2935      3579      3013      3546
      1850      1122      1006      1014      1367      1229       996       999
       929       859       899       891

       766       767       760       725       746       671       654       654
       637       680       645       591       610       570       504      1429
      3423      4573      9409     12967     11655     12344      7866      9930
     13237      7567      7695      7229      5091      4958      8370      3316
      3715      2095      1690      3180      3039      2181      3718      6289
      3289      3141      4770      3076      2408      1764      1520      1380
      1207      1063      1083      1037

       904       860       824       758       778       698       681       678
       655       700       670       617       629       617       939      1241
      3016      6894      3027     13599     21002     23121     10792      6183
      8945      7416      5155      7905      6149      6293      5697      5647
      2694      2234      1795      2066      4856      2639      2562      3048
      3281      4048      2353      2530      1895      1312      1110      1086
       983       889       925       909

       776       769       754       703       726       654       636       635
       617       630       608       566       578       549       491       630
       695       795      4167      8000     11359     18331      7554      7849
      9088     11567      7405      8085      9486      6056      4557      5599
      4284      3711      3420      5541      4611      3039      3651      6412
      4208      5456      2504      2383      1499      1291      1222      1141
       999       883       902       886

       752       741       723       671       692       623       611       609
       595       610       587       548       569       539       475       526
      1003      8454     14815      7516      7340      6211     12182      7775
      4824      3196      5650      4738      3106      3727      3465      4311
      3433      4501      2925      3023      3905      4305      4464      6074
      3596      2287      1468      2034      1710      1542      1175      1129
       980      1382      1139      1007

       815       782       756       702       724       651       635       641
       618       627       598       553       578       572       527       711
      3543      6907      4650      5858      8942      8565     15352     15698
     14925     13382     14351      8607     10457      8692      6551      6030
      3111      3706      4018      2696      4410      4083      4589      2489
      3422      3391      1597      1241      1916      1462      1307      1227
      1081       959      1041      1042

       850       815       792       738       761       683       665       661
       641       650       618       580       599       649       646       720
       680      1613      8562     10815      8047     23346     11831      8279
      7392      7737      6193      4696      9031      5394      3186      2355
      3411      3390      2210      4366      8261      6928      4874      3519
      2504      1976      1336      1264      1196      1458      1718      1577
      1112       993      1095      1100

      1223      1032       984       964      1494      1136       856       792
       732      1016       908       776       837       758      2579      4657
      2294      3824      4596      7852     12346      7072     12374     15986
     17324     14137      9159      6841      6098      6793     13555      8422
      5359      4118      2409      1829      1705      2014      2337      3362
      1964      2028      1623      1159      1003      1037       953      1098
      1443      1022      1004       983

       796       778       788       764       800      1431       820       809
       773       776       882      2209      1500      1229      1017      1664
      3850     11258     11973      6204      4816      7649     15894     10379
     14117      7698      9004     12303      6592      6014      6631      4499
      3568      2541      2612      2006      2920      3024      2000      1883
      2242      2090      1057       906      1828      1074      1056      1159
      1529      1255      1304       951
